<?xml version="1.0"?>
<opencv_storage>
<TrainingData type_id="opencv-matrix">
  <rows>24</rows>
  <cols>12</cols>
  <dt>f</dt>
  <data>
    3.65816116e+01 -9.41293716e-01 3.49780703e+00 1.69079475e+01
    1.89795074e+01 1.48785934e+01 4.42834949e+00 2.19062257e+00
    -1.88261700e+00 -2.07582355e+00 7.10971177e-01 -2.37664580e-01
    5.26117706e+00 3.80443764e+01 -1.10333900e+01 1.88993657e+00
    8.59725761e+00 -9.59160137e+00 -1.67790985e+01 -6.10781145e+00
    3.87807451e-02 -2.12690282e+00 1.45475209e+00 -1.96227193e+00
    -3.17697582e+01 6.91062164e+00 -6.93737078e+00 -8.58954620e+00
    -6.02858067e-01 2.30124283e+01 -8.80409658e-01 -6.19625998e+00
    2.21511436e+00 3.23652935e+00 1.93621790e+00 -2.11704755e+00
    7.13415575e+00 9.37962818e+00 -1.38852844e+01 2.29503679e+00
    -1.43186979e+01 1.94632971e+00 1.70161450e+00 9.48690701e+00
    -1.59086123e+01 3.53084087e+00 -2.95090652e+00 -3.64384437e+00
    -3.64987707e+00 -2.30472984e+01 -1.01406239e-01 1.00089264e+00
    5.54819393e+00 -5.92884588e+00 -5.17651224e+00 2.43954873e+00
    5.52693427e-01 -5.86346149e-01 3.56423664e+00 -1.21079469e+00
    1.36954870e+01 8.05868340e+00 -4.66852188e+00 4.61404119e-03
    -1.29702616e+01 1.20729578e+00 1.28000045e+00 1.34547720e+01
    1.58788662e+01 -4.25614882e+00 -5.24709046e-01 -4.24510765e+00
    -1.89154987e+01 -6.44458246e+00 -3.37227798e+00 -1.28598366e+01
    8.92127037e+00 5.47419167e+00 -3.25941706e+00 6.05604315e+00
    -1.54444611e+00 -8.46493626e+00 -3.95193076e+00 4.59460306e+00
    4.01071978e+00 -2.35240173e+01 -5.25327301e+00 -8.13629150e+00
    4.43164520e-02 -5.71658134e+00 4.12964225e-01 -8.59124810e-02
    -5.26100540e+00 -5.17372036e+00 3.22573495e+00 -1.65397620e+00
    1.45134106e+01 7.34886408e+00 -4.22032547e+00 -2.52729988e+00
    -9.49769688e+00 -7.18768418e-01 4.22330761e+00 -2.06792593e+00
    2.65709311e-01 8.68042469e-01 1.03752537e+01 1.32308083e+01
    2.80960679e+00 -2.18101616e+01 -5.96885622e-01 -4.40071726e+00
    2.60134006e+00 -7.12530327e+00 7.31106818e-01 -3.21349168e+00
    2.38588795e-01 -1.68803155e+00 6.25920594e-01 -3.49136853e+00
    5.75250101e+00 1.34760305e-01 3.64028091e+01 -9.35888648e-01
    -1.19597120e+01 4.40977859e+00 -1.03657265e+01 -2.06890917e+00
    -2.98572206e+00 -8.39672610e-02 1.51745558e+00 -2.01549792e+00
    -1.21330655e+00 1.96099186e+01 1.15607357e+01 -1.54135399e+01
    1.28989897e+01 -8.30335712e+00 1.33688555e+01 3.75207376e+00
    5.26440620e-01 8.06708622e+00 2.24169040e+00 -3.68180799e+00
    3.45983243e+00 -1.20171146e+01 1.10379438e+01 -2.61473393e+00
    7.01363420e+00 2.17151022e+00 2.76351738e+00 -2.68613338e-01
    3.93021488e+00 -2.25416467e-01 1.47935951e+00 1.50898063e+00
    3.45983243e+00 -1.20171146e+01 1.10379438e+01 -2.61473393e+00
    7.01363420e+00 2.17151022e+00 2.76351738e+00 -2.68613338e-01
    3.93021488e+00 -2.25416467e-01 1.47935951e+00 1.50898063e+00
    3.45983243e+00 -1.20171146e+01 1.10379438e+01 -2.61473393e+00
    7.01363420e+00 2.17151022e+00 2.76351738e+00 -2.68613338e-01
    3.93021488e+00 -2.25416467e-01 1.47935951e+00 1.50898063e+00
    3.45983243e+00 -1.20171146e+01 1.10379438e+01 -2.61473393e+00
    7.01363420e+00 2.17151022e+00 2.76351738e+00 -2.68613338e-01
    3.93021488e+00 -2.25416467e-01 1.47935951e+00 1.50898063e+00
    3.45983243e+00 -1.20171146e+01 1.10379438e+01 -2.61473393e+00
    7.01363420e+00 2.17151022e+00 2.76351738e+00 -2.68613338e-01
    3.93021488e+00 -2.25416467e-01 1.47935951e+00 1.50898063e+00
    3.45983243e+00 -1.20171146e+01 1.10379438e+01 -2.61473393e+00
    7.01363420e+00 2.17151022e+00 2.76351738e+00 -2.68613338e-01
    3.93021488e+00 -2.25416467e-01 1.47935951e+00 1.50898063e+00
    3.45983243e+00 -1.20171146e+01 1.10379438e+01 -2.61473393e+00
    7.01363420e+00 2.17151022e+00 2.76351738e+00 -2.68613338e-01
    3.93021488e+00 -2.25416467e-01 1.47935951e+00 1.50898063e+00
    3.45983243e+00 -1.20171146e+01 1.10379438e+01 -2.61473393e+00
    7.01363420e+00 2.17151022e+00 2.76351738e+00 -2.68613338e-01
    3.93021488e+00 -2.25416467e-01 1.47935951e+00 1.50898063e+00
    3.45983243e+00 -1.20171146e+01 1.10379438e+01 -2.61473393e+00
    7.01363420e+00 2.17151022e+00 2.76351738e+00 -2.68613338e-01
    3.93021488e+00 -2.25416467e-01 1.47935951e+00 1.50898063e+00
    3.45983243e+00 -1.20171146e+01 1.10379438e+01 -2.61473393e+00
    7.01363420e+00 2.17151022e+00 2.76351738e+00 -2.68613338e-01
    3.93021488e+00 -2.25416467e-01 1.47935951e+00 1.50898063e+00
    -2.43376484e+01 2.08164330e+01 8.90524292e+00 1.87462387e+01
    -9.05251443e-01 -2.42641592e+00 3.51880240e+00 -3.35445738e+00
    4.50036240e+00 2.17252898e+00 4.04979753e+00 -1.38845742e+00
    -2.43376484e+01 2.08164330e+01 8.90524292e+00 1.87462387e+01
    -9.05251443e-01 -2.42641592e+00 3.51880240e+00 -3.35445738e+00
    4.50036240e+00 2.17252898e+00 4.04979753e+00 -1.38845742e+00</data></TrainingData>
<classes type_id="opencv-matrix">
  <rows>24</rows>
  <cols>1</cols>
  <dt>i</dt>
  <data>
    1 1 1 1 1 1 1 1 1 1 1 1 0 0 0 0 0 0 0 0 0 0 0 0</data></classes>
</opencv_storage>
